$ANSIBLE_VAULT;1.1;AES256
34333265656138643966633565363431306461356365376366346164313466633861356233633533
3664636466356439326136396466336662663362333832350a356637313064353637333533653930
62643033383231666364653938656536656365333334353034386562656365383638663638353737
6465373436316133660a363736616563306530356633643637346232366234316234383732383062
64616534303562653237636533353531373938623030633933626661356436396536303564633566
34333264636330633164393031653563653431346632643565663735653165313063636364636539
34306230386631333935613961303931396538363333636663396139343662323939623031633861
33326331633163353464646334616266626333663066353062356336613933333438316138363432
39656238633333356137393866393739323937366631383364653662633339366139386663386232
62373563356362353236643337663464613432313262366435613937646231376465306461656439
35633036386330393531663432346133343731633765643662303964393632633866666332343762
37666664346662376236333532393634646233323937656238626636333365623339343163323161
63323661316633303961326636373261356134353630373034323863386338356434383561653465
36653964386637326566646536616239633766633566386338663932633661313732623336393938
66616561353731386335306362383664613534316566393330396438383663316561643534353437
35656262376465303739336338663033616162656139653832616235323365373132666133343331
63396238343461333938623032653866646466393034666330396139373835326334623337613636
3638326439306434343033653137313263623163366364636631
